t;  100;  40;  0;  8;  9; 55;  12;SZAFA AUTOMATYKI;
t;  100;  40;  0;  -8;  9; 100;  12;SA;
w;  100;  40;
t;  100;  40;  0;  8;  9; 80;  12;ROZDZIELNICA;
t;  100;  40;  0;  -8;  9; 100;  12;RG;
w;  100;  40;

L;

tw;  100;  40;  0;  4;  9; 80;  12;ZŁĄCZE ZKR.3;
tw;  100;  40;  0;  4;  9; 80;  12;ZŁĄCZE ZKR.7;

L;

tw; 100; 40; 0; 4; 9; 80; 12;ZŁĄCZE ZKR.9;
tw; 100; 40; 0; 4; 9; 80; 12;ZŁĄCZE ZKR.10;

L;

t; 50; 20; 0; 4; 4; 75; 12;TRANSFORMATOR;
t; 50; 20; 0; -4; 4; 80; 12;TR1;
w; 50; 20;
t; 50; 20; 0; 4; 4; 75; 12;TRANSFORMATOR;
t; 50; 20; 0; -4; 4; 80; 12;TR1;
w; 50; 20;
t; 50; 20; 0; 4; 4; 75; 12;TRANSFORMATOR;
t; 50; 20; 0; -4; 4; 80; 12;TR2;
w; 50; 20;
t; 50; 20; 0; 4; 4; 75; 12;TRANSFORMATOR;
t; 50; 20; 0; -4; 4; 80; 12;TR2;
w; 50; 20;
L;

tw; 50; 20; 0; 4; 5; 100; 12;SPRZĘGŁO;
tw; 50; 20; 0; 4; 5; 100; 12;SPRZĘGŁO;
tw; 50; 20; 0; 4; 4; 100; 12;AGREGAT G1;
tw; 50; 20; 0; 4; 4; 100; 12;AGREGAT G1;

L;

tw; 50; 20; 0; 4; 4; 100; 12;SZR;
tw; 50; 20; 0; 4; 4; 90; 12;ZŁĄCZE ZKR.3;
tw; 50; 20; 0; 4; 4; 90; 12;ZŁĄCZE ZKR.7;
tw; 50; 20; 0; 4; 4; 90; 12;ZŁĄCZE ZKR.9;

L;

tw; 50; 20; 0; 4; 4; 90; 12;ZŁĄCZE ZKR.10;
tw; 50; 20; 0; 4; 4; 100; 12;TABLICA TB0;
tw; 50; 20; 0; 4; 4; 100; 12;TABLICA TB1;
tw; 50; 20; 0; 4; 4; 100; 12;TABLICA TPR;

L;

tw; 50; 20; 0; 4; 4; 100; 12;TABLICA TK;
t; 50; 20; 0; 4; 4; 65; 12;SZAFA AUTOMATYKI;
t; 50; 20; 0; -4; 4; 70; 12;SA;
w; 50; 20;
t; 50; 20; 0; 4; 4; 65; 12;TABLICA AGREGATU;
t; 50; 20; 0; -4; 4; 70; 12;TG1;
w; 50; 20;
t; 50; 20; 0; 4; 4; 80; 12;WYŁĄCZNIK;
t; 50; 20; 0; -4; 4; 80; 12;AWARYJNY;
w; 50; 20;
L;
